sold_tickets <-
structure(list(time = structure(c(1512949669.20259, 1512949670.8449, 
1512949679.21728, 1512949680.79915, 1512949689.6214, 1512949702.38806, 
1512949707.39741, 1512949718.45687, 1512949719.95016, 1512949724.24796, 
1512949724.74919, 1512949724.95014, 1512949730.73352, 1512949737.10672, 
1512949742.64296, 1512949745.03709, 1512949750.55685, 1512949757.05479, 
1512949759.1626, 1512949763.77181, 1512949764.50628, 1512949768.76443, 
1512949770.23092, 1512949771.4472, 1512949775.65913, 1512949776.20069, 
1512949798.72641, 1512949799.59089, 1512949800.72118, 1512949807.91882, 
1512949819.31492, 1512949820.49149, 1512949826.83193, 1512949829.05273, 
1512949831.89966, 1512949836.51245, 1512949852.47131, 1512949856.09851, 
1512949856.19539, 1512949873.53677, 1512949896.96606, 1512949901.37938, 
1512949902.44361, 1512949904.45036, 1512949905.90574, 1512949910.98132, 
1512949918.84916, 1512949936.6954, 1512949938.05241, 1512949938.95075, 
1512949951.26366, 1512949960.09015, 1512949980.52115, 1512949981.77126, 
1512949990.0313, 1512949992.71268, 1512949996.91442, 1512950010.45808, 
1512950011.33573, 1512950014.31111, 1512950021.49015, 1512950022.58762, 
1512950034.41541, 1512950035.09152, 1512950041.89996, 1512950046.05211, 
1512950049.91857, 1512950058.13135, 1512950062.0808, 1512950065.89146, 
1512950066.54921, 1512950069.71285, 1512950071.20217, 1512950071.3112, 
1512950073.51451, 1512950092.59261, 1512950100.18394, 1512950119.46324, 
1512950120.84647, 1512950123.91809, 1512950135.86703, 1512950147.55409, 
1512950155.76991, 1512950158.46264, 1512950166.87381, 1512950173.86376, 
1512950175.35372, 1512950177.32569, 1512950178.48883, 1512950178.83406, 
1512950179.32551, 1512950184.82763, 1512950187.15466, 1512950193.74491, 
1512950198.7228, 1512950204.04535, 1512950204.86115, 1512950206.70091, 
1512950214.2009, 1512950233.65913), class = c("POSIXct", "POSIXt"
)), price = c(110, 110, 110, 110, 110, 110, 110, 110, 110, 110, 
110, 110, 110, 110, 110, 110, 110, 110, 110, 110, 110, 110, 110, 
110, 110, 110, 110, 110, 110, 110, 125, 125, 125, 125, 125, 125, 
125, 125, 125, 125, 125, 125, 125, 125, 125, 125, 125, 125, 125, 
125, 125, 125, 125, 125, 125, 125, 125, 125, 125, 125, 125, 125, 
125, 125, 125, 125, 125, 125, 125, 125, 125, 125, 125, 125, 125, 
125, 125, 125, 125, 125, 125, 125, 125, 125, 125, 125, 125, 125, 
125, 125, 125, 125, 125, 125, 125, 125, 125, 125, 125, 125)), .Names = c("time", 
"price"), row.names = c(NA, 100L), class = "data.frame")
price_changes <-
structure(list(time = structure(c(1512949658.9618, 1512949807.91882
), class = c("POSIXct", "POSIXt")), price = c(110, 125)), .Names = c("time", 
"price"), row.names = 1:2, class = "data.frame")
result <-
structure(list(problems = structure(list(time = structure(logical(0), class = c("POSIXct", 
"POSIXt")), problem = character(0)), .Names = c("time", "problem"
), row.names = integer(0), class = "data.frame"), n_signals = 2, 
    pnl = 12050), .Names = c("problems", "n_signals", "pnl"))
